-6.537270114007085908e+00
-2.561382487317540591e+00
-2.560679194043654849e+00
-1.358558892951561958e+00
-1.346526164679196391e+00
-6.491309662260064117e-01
-6.488223291341755905e-01
-2.814521912678969451e-01
-2.784990475162754109e-01
-1.015881419493201293e-01
-1.015793219713660017e-01
-2.399831210951918967e-02
-2.386463704349595788e-02
-3.302920972638970654e-04
-3.233333318548542814e-04
1.275310256625354632e-03
1.276859789556994635e-03
6.917598633359643007e-03
6.964665361497907221e-03
2.269736276376970244e-02
2.272110374350046202e-02
5.771697909685351985e-02
5.790282381998426015e-02
1.328336375145532933e-01
1.335353453395135281e-01
2.754038830255620129e-01
2.759578735267613214e-01
4.914240879435757825e-01
4.916603396665418790e-01
8.054578910507954603e-01
8.066804243457266210e-01
1.271615509529337995e+00
1.272531428102000817e+00
1.861624859610311766e+00
1.865381151139436477e+00
2.567927675546390454e+00
2.583302281220464458e+00
3.616062469085822517e+00
3.622682603544065127e+00
8.090173958036469770e+00
